190.0 5.629861766517576
200.0 5.777042736760606
210.0 5.919223707003637
220.0 5.982833248313333
230.0 6.046442789623031
240.0 6.110980902352727
250.0 6.180519015082424
260.0 6.2467104611454545
270.0 6.316026907208484
280.0 6.385343353271515
290.0 6.349754246491211
300.0 6.22030938628
310.0 6.097531192735454
320.0 5.974752999190909
330.0 5.8626414723130305
340.0 5.767196612101818
350.0 5.766797826013939
360.0 5.7663990399260605
370.0 5.766000253838182
380.0 5.765601467750304
390.0 5.765202681662425
400.0 5.768103895574546
410.0 5.763951776153333
420.0 5.749132990065455
430.0 5.735171346837577
440.0 5.720281132189697
450.0 5.705390917541818
460.0 5.69050070289394
470.0 5.67561048824606
480.0 5.660720273598182
490.0 5.6458300589503025
500.0 5.630939844302425
510.0 5.615693010211346
520.0 5.610305654840266
530.0 5.604918299469188
540.0 5.592990944098109
550.0 5.574619144282586
560.0 5.5666473444670626
570.0 5.55867554465154
580.0 5.5571037448360165
590.0 5.558771945020493
600.0 5.56044014520497
610.0 5.562108345389445
620.0 5.546651545536423
630.0 5.520604269490066
640.0 5.497822103561279
650.0 5.475039937632492
660.0 5.449457771703704
670.0 5.427875605774917
680.0 5.406293439846129
690.0 5.3847112739173415
700.0 5.365049107988555
710.0 5.348186942059767
720.0 5.331324776130979
730.0 5.314462610202192
740.0 5.304520444273405
750.0 5.30119837553409
760.0 5.2982329262379775
770.0 5.311592873802975
780.0 5.336977821405472
790.0 5.355442769007969
800.0 5.373907716610467
810.0 5.392372664212964
820.0 5.410837611815462
830.0 5.429622559417959
840.0 5.452840840353789
850.0 5.470325787956287
860.0 5.478032957781006
870.0 5.487273460939059
880.0 5.4745056523880224
890.0 5.45519022475365
900.0 5.435874797119278
910.0 5.416559369484908
920.0 5.398143941850536
930.0 5.396989989369859
940.0 5.387295939699707
950.0 5.377601890029557
960.0 5.367907840359405
970.0 5.357013790689253
980.0 5.358985974891829
990.0 5.391090915247941
1000.0 5.428929188937386
1010.0 5.466767462626831
1020.0 5.504605736316274
1030.0 5.5433106766723865
1040.0 5.583215617028498
1050.0 5.623120557384608
1060.0 5.66302549774072
1070.0 5.706663771430165
1080.0 5.7172433148418325
1090.0 5.713189957714104
1100.0 5.709136600586378
1110.0 5.70508324345865
1120.0 5.7010298863309234
1130.0 5.696490814917482
1140.0 5.697518410170707
1150.0 5.698546005423933
1160.0 5.699573600677158
1170.0 5.700601195930384
1180.0 5.701628791183609
1190.0 5.723833442721682
1200.0 5.765571427712137
1210.0 5.80219830159148
1220.0 5.8350918421374915
1230.0 5.867985382683502
1240.0 5.9048789232295125
1250.0 5.9450301530807526
1260.0 5.985181382931993
1270.0 6.025332612783233
1280.0 6.065483842634474
1290.0 6.094030968243334
1300.0 6.0930173401914285
1310.0 6.088003712139523
1320.0 6.082990084087619
1330.0 6.077976456035715
1340.0 6.07296282798381
1350.0 6.061006342789048
1360.0 6.045316524260953
1370.0 6.029626705732857
1380.0 6.013936887204762
1390.0 5.998247068676667
1400.0 5.982557250148572
1410.0 5.966134098287143
1420.0 5.978529773292907
1430.0 6.004929552541053
1440.0 6.029595998455864
1450.0 6.054262444370676
1460.0 6.082528890285488
1470.0 6.111528669533633
1480.0 6.140528448781778
1490.0 6.1695282280299235
1500.0 6.198528007278068
1510.0 6.229403977002404
1520.0 6.18537519806315
1530.0 6.106393526388571
1540.0 6.0186206458370695
1550.0 5.941067545439414
1560.0 5.8635144450417584
1570.0 5.789661344644102
1580.0 5.719665387103589
1590.0 5.649669429563078
1600.0 5.579673472022565
1610.0 5.509677514482052
1620.0 5.440114890274872
1630.0 5.366852266067693
1640.0 5.293802548990662
1650.0 5.298724247243888
1660.0 5.283736788086858
1670.0 5.275911966378179
1680.0 5.267653811336167
1690.0 5.2593956562941555
1700.0 5.251137501252144
1710.0 5.242879346210133
1720.0 5.234621191168119
1730.0 5.228829702792774
1740.0 5.217333452512667
1750.0 5.20583720223256
1760.0 5.194340951952453
1770.0 5.182844701672346
1780.0 5.186652480597367
1790.0 5.203544129576322
1800.0 5.220435778555277
1810.0 5.237327427534234
1820.0 5.2542190765131895
1830.0 5.272177392158811
1840.0 5.287469041137767
1850.0 5.302760690116723
1860.0 5.3180523390956775
1870.0 5.336010654741301
1880.0 5.349778494196447
1890.0 5.362479666984926
1900.0 5.41558900305912
1910.0 5.456060976594853
1920.0 5.496532950130584
1930.0 5.537004923666316
1940.0 5.576243563868715
1950.0 5.604339346928257
1960.0 5.639496354511609
1970.0 5.6342451988092455
1980.0 5.628994043106882
1990.0 5.631076220737853
2000.0 5.634391731702157
2010.0 5.63770724266646
2020.0 5.6410227536307636
2030.0 5.644338264595067
2040.0 5.642620442226037
2050.0 5.633569286523674
2060.0 5.62451813082131
2070.0 5.618543898195871
2080.0 5.615328286260086
2090.0 5.634020610832238
2100.0 5.668946268737723
2110.0 5.703871926643208
2120.0 5.738797584548694
2130.0 5.773723242454178
2140.0 5.808648900359662
2150.0 5.838674558265149
2160.0 5.861896489450136
2170.0 5.877657196111315
2180.0 5.877195680550271
2190.0 5.876734164989228
2200.0 5.874205982761518
2210.0 5.876577800533807
2220.0 5.8789496183060965
2230.0 5.881321436078386
2240.0 5.883693253850676
2250.0 5.884893643051537
2260.0 5.888160698919065
2270.0 5.8914277547865925
2280.0 5.894694810654121
2290.0 5.8979618665216496
2300.0 5.92916411210251
2310.0 5.974797894997667
2320.0 6.244898237547584
2330.0 6.296315485382246
2340.0 6.122170935466909
2350.0 5.94802638555157
2360.0 6.898914761876232
2370.0 6.889200314022109
2380.0 6.883317035031624
2390.0 6.88495176847592
2400.0 6.873942057475773
2410.0 6.8737323464756255
2420.0 6.873522635475479
2430.0 6.873312924475331
2440.0 6.888543213475184
2450.0 6.9099735024750375
2460.0 6.93140379147489
2470.0 6.952834080474742
2480.0 6.971864369474593
2490.0 6.9754546584744475
2500.0 6.979044947474298
2510.0 6.982635236474152
2520.0 6.9882755254740045
2530.0 6.984915814473858
2540.0 6.975156103473711
2550.0 6.954756392473563
2560.0 6.934706681473415
2570.0 6.913056970473268
2580.0 6.891407259473121
2590.0 6.867633821733842
2600.0 6.850669215130928
2610.0 6.833704608528015
2620.0 6.8167400019251
2630.0 6.8007753953221854
2640.0 6.797269919154054
2650.0 6.802764442985922
2660.0 6.8082589668177915
2670.0 6.81351349064966
2680.0 6.817768014481527
2690.0 6.822022538313396
2700.0 6.826277062145263
2710.0 6.839491585977133
2720.0 6.852946109809001
2730.0 6.898615256659537
2740.0 6.841539450453854
2750.0 6.780423644248174
2760.0 6.710347838042492
2770.0 6.640272031836813
2780.0 6.570196225631131
2790.0 6.495400419425448
2800.0 6.424644613219767
2810.0 6.359862832986815
2820.0 6.301251446159657
2830.0 6.2468000593325
2840.0 6.197068672505344
2850.0 6.147337285678187
2860.0 6.088974319903661
2870.0 6.0398997165023545
2880.0 6.06143632300238
2890.0 6.0829729295024055
2900.0 6.10450953600243
2910.0 6.122746142502455
2920.0 6.1409827490024815
2930.0 6.159219355502508
2940.0 6.170695962002533
2950.0 6.184972568502559
2960.0 6.199249175002583
2970.0 6.213525781502609
2980.0 6.231602388002635
2990.0 6.256438994502661
3000.0 6.281275601002685
3010.0 6.306112207502711
3020.0 6.3279611949194035
3030.0 6.340036156363368
3040.0 6.341649579345796
3050.0 6.351894581275589
3060.0 6.365692916538718
3070.0 6.380931251801846
3080.0 6.396169587064974
3090.0 6.411407922328102
3100.0 6.429126257591231
3110.0 6.44412459285436
3120.0 6.459122928117486
3130.0 6.473670135570089
3140.0 6.489004962106025
3150.0 6.50185978864196
3160.0 6.5023146151778946
3170.0 6.513230980175368
3180.0 6.523867345172843
3190.0 6.535263710170315
3200.0 6.574437852945567
3210.0 6.626011995720819
3220.0 6.67538613849607
3230.0 6.725040281271322
3240.0 6.774694424046574
3250.0 6.824348566821824
3260.0 6.871442709597076
3270.0 6.920736852372327
3280.0 6.9176309951475785
3290.0 6.886747360145053
3300.0 6.874399109757912
3310.0 6.816721881794538
3320.0 6.743275981141383
3330.0 6.722230080488228
3340.0 6.699184179835074
3350.0 6.662218279181917
3360.0 6.625252378528762
3370.0 6.588286477875608
3380.0 6.547080577222452
3390.0 6.500573089347076
3400.0 6.453113220538365
3410.0 6.405653351729654
3420.0 6.353553482920945
3430.0 6.305693614112234
3440.0 6.238449129918908
3450.0 6.1628969534178895
3460.0 6.091784776916871
3470.0 6.046169743415853
3480.0 6.0078562971370575
3490.0 5.969542850858261
3500.0 5.936829404579465
3510.0 5.909675958157811
3520.0 5.861665368736159
3530.0 5.834366139279121
3540.0 5.853028268331649
3550.0 5.866090397384175
3560.0 5.901731586265763
3570.0 5.958955192731966
3580.0 6.007498799341026
3590.0 6.058922405950085
3600.0 6.110346012559146
3610.0 6.161769619168205
3620.0 6.202673225777265
3630.0 6.242256832386325
3640.0 6.285040438995385
3650.0 6.3268078318558825
3660.0 6.3543438647517645
3670.0 6.392399897647647
3680.0 6.460011486099086
3690.0 6.510906591042831
3700.0 6.554803893786575
3710.0 6.592221196530322
3720.0 6.629638499274067
3730.0 6.6670558020178134
3740.0 6.704473104761559
3750.0 6.747650407505304
3760.0 6.759399138820479
3770.0 6.741592314580098
3780.0 6.723785490339717
3790.0 6.705738666099334
3800.0 6.686731841858953
3810.0 6.675225017585238
3820.0 6.677234676819216
3830.0 6.680364336053192
3840.0 6.68373399528717
3850.0 6.687103654521148
3860.0 6.690473313755126
3870.0 6.698340115846247
3880.0 6.706336917937366
3890.0 6.7308043082637825
3900.0 6.786700270018767
3910.0 6.838636231773753
3920.0 6.884701424374893
3930.0 6.923266617009366
3940.0 6.961831809643838
3950.0 6.997637002278313
3960.0 7.037402194912785
3970.0 7.0771673875472585
3980.0 7.076977994428399
3990.0 7.0435603706136565
4000.0 7.012902746798913
4010.0 6.98224512298417
4020.0 6.955867499169429
4030.0 6.9352898753546866
4040.0 6.897569394339944
4050.0 6.838746349145714
4060.0 6.756252715716189
4070.0 6.669479082286666
4080.0 6.582705448857143
4090.0 6.495931815427619
4100.0 6.457358181998094
4110.0 6.446317881901905
4120.0 6.435277581805714
4130.0 6.424237281709523
4140.0 6.409516981613334
4150.0 6.388406205326667
4160.0 6.36729542904
4170.0 6.346184652753333
4180.0 6.322184352706667
4190.0 6.319006909860001
4200.0 6.315829467013334
4210.0 6.2493186908333325
4220.0 6.146527914653333
4230.0 6.046817138473334
4240.0 5.947106362293333
4250.0 5.92509239626
4260.0 5.91626176356
4270.0 5.974044464193334
4280.0 6.031827164826667
4290.0 6.08268986546
4300.0 6.127202566093333
4310.0 6.171715266726666
4320.0 6.22918034832
4330.0 6.288694953673334
4340.0 6.3551295590266665
4350.0 6.421564164379999
4360.0 6.487998769733333
4370.0 6.544454551557254
4380.0 6.5918370000478435
4390.0 6.629219448538431
4400.0 6.66660189702902
4410.0 6.706024345519609
4420.0 6.109429133391936
4430.0 6.104525013910929
4440.0 6.099620894429924
4450.0 6.094396774948917
4460.0 6.081989798281245
4470.0 6.0566304406535725
4480.0 6.031271083025899
4490.0 6.006951725398227
4500.0 5.982952367770554
4510.0 5.958953010142881
4520.0 5.934953652515209
4530.0 5.909889589005184
4540.0 5.894844349024569
4550.0 5.879799109043956
4560.0 5.866073869063342
4570.0 5.855648629082728
4580.0 5.845223389102115
4590.0 5.8347981491215
4600.0 5.828214337690886
4610.0 5.8254533834469395
4620.0 5.822692429202992
4630.0 5.823264808292379
4640.0 5.824757187381765
4650.0 5.8247295664711505
4660.0 5.824701945560537
4670.0 5.824674324649924
4680.0 5.824486703739309
4690.0 5.823093368542982
4700.0 5.819464739229007
4710.0 5.815836109915031
4720.0 5.813207480601056
4730.0 5.810738851287081
4740.0 5.808270221973106
4750.0 5.853706354622941
4760.0 5.901006773008488
4770.0 5.947307191394037
4780.0 5.993607609779586
4790.0 6.039908028165135
4800.0 6.079808446550683
4810.0 6.082708864936232
4820.0 6.048752140464638
4830.0 6.014795415993044
4840.0 5.968552977235735
4850.0 5.960643871811759
4860.0 5.956068099721118
4870.0 5.95270807573184
4880.0 5.954852395320822
4890.0 5.951091952936471
4900.0 5.9436812940428565
4910.0 5.947223016101623
4920.0 5.950764738160389
4930.0 5.954306460219156
4940.0 5.957848182277922
4950.0 5.961389904336689
4960.0 5.960564959728788
4970.0 5.959797157978031
4980.0 5.959029356227273
4990.0 5.958261554476515
5000.0 5.924493752725757
5010.0 5.883938072187121
5020.0 5.847749058315152
5030.0 5.804417187343182
5040.0 5.799990078344545
5050.0 5.795562969345909
5060.0 5.794907288918702
5070.0 5.793584941824827
5080.0 5.7922625947309525
5090.0 5.790940247637079
5100.0 5.8117845672098705
5110.0 5.840128886782662
5120.0 5.859106539688788
5130.0 5.874312764023484
5140.0 5.869804702798182
5150.0 5.864939498672879
5160.0 5.860074294547576
5170.0 5.854742423755606
5180.0 5.858188984300891
5190.0 5.881349830406177
5200.0 5.904510676511462
5210.0 5.9276715226167465
5220.0 5.9474895115791755
5230.0 5.967774167208271
5240.0 5.990858822837365
5250.0 5.992610145133126
5260.0 5.994361467428887
5270.0 5.9961127897246485
5280.0 5.991430778687077
5290.0 5.9900916247923615
5300.0 5.991174961559061
5310.0 5.991042550224397
5320.0 5.990910138889733
5330.0 5.9936110608884015
5340.0 6.002521226640011
5350.0 6.012019627721034
5360.0 6.021518028802056
5370.0 6.031016429883078
5380.0 6.050400545249813
5390.0 6.066951327283218
5400.0 6.08350210931662
5410.0 6.100052891350023
5420.0 6.116603673383426
5430.0 6.13315445541683
5440.0 6.150638570783565
5450.0 6.158236971864587
5460.0 6.165835372945609
5470.0 6.173433774026631
5480.0 6.181032175107653
5490.0 6.184730576188675
5500.0 6.185899005183423
5510.0 6.183958190425228
5520.0 6.1820173756670345
5530.0 6.173676560908842
5540.0 6.164735746150647
5550.0 6.159694931392454
5560.0 6.15465411663426
5570.0 6.1512133018760675
5580.0 6.14943915378454
5590.0 6.147665005693013
5600.0 6.147424190934819
5610.0 6.144983376176626
5620.0 6.1425425614184315
5630.0 6.140101746660238
5640.0 6.137660931902045
5650.0 6.134795117143851
5660.0 6.126446389264087
5670.0 6.117960966803933
5680.0 6.115875544343779
5690.0 6.113790121883625
5700.0 6.11170469942347
5710.0 6.109619276963315
5720.0 6.109162425931733
5730.0 6.10913057490015
5740.0 6.109098723868567
5750.0 6.1090668728369835
5760.0 6.109035021805401
5770.0 6.109003170773818
5780.0 6.108871319742234
5790.0 6.107110897282079
5800.0 6.105350474821925
5810.0 6.097756719028437
5820.0 6.095705820279394
5830.0 6.097604501318587
5840.0 6.099503182357778
5850.0 6.10340186339697
5860.0 6.107400544436162
5870.0 6.1113992254753535
5880.0 6.115397906514547
5890.0 6.119396587553737
5900.0 6.115458760659596
5910.0 6.105053076721011
5920.0 6.092647392782425
5930.0 6.080241708843838
5940.0 6.067836024905253
5950.0 6.055430340966668
5960.0 6.043824657028081
5970.0 6.033952306422828
5980.0 6.030206940011227
5990.0 6.033723081532958
6000.0 6.037239223054689
6010.0 6.040755364576421
6020.0 6.044271506098153
6030.0 6.047787647619884
6040.0 6.049675217713045
6050.0 6.072009877753295
6060.0 6.08609056963799
6070.0 6.084615705900463
6080.0 6.083140842162934
6090.0 6.081665978425407
6100.0 6.084618892465658
6110.0 6.088400377934478
6120.0 6.0921818634033
6130.0 6.095963348872121
6140.0 6.102433909917414
6150.0 6.117158439118261
6160.0 6.1318829683191085
6170.0 6.147436068948528
6180.0 6.160739169577947
6190.0 6.174042270207366
6200.0 6.187345370836786
6210.0 6.200648471466205
6220.0 6.213951572095623
6230.0 6.225204672725043
6240.0 6.2356292019258905
6250.0 6.246053731126738
6260.0 6.256478260327586
6270.0 6.266902789528433
6280.0 6.277327318729281
6290.0 6.287751847930129
6300.0 6.285881139002404
6310.0 6.287657068783925
6320.0 6.28424781338026
6330.0 6.280838557976595
6340.0 6.277429302572929
6350.0 6.274020047169264
6360.0 6.266847155401963
6370.0 6.265302835063232
6380.0 6.263758514724502
6390.0 6.2622141943857725
6400.0 6.260669874047042
6410.0 6.259125553708311
6420.0 6.2575812333695815
6430.0 6.256036913030852
6440.0 6.254492592692121
6450.0 6.250662558067677
6460.0 6.253650705261414
6470.0 6.258071661829314
6480.0 6.269159285097214
6490.0 6.280246908365115
6500.0 6.291334531633014
6510.0 6.302422154900914
6520.0 6.3135097781688145
6530.0 6.324597401436714
6540.0 6.3320850247046145
6550.0 6.337394870194737
6560.0 6.3424683520484955
6570.0 6.340723652084073
6580.0 6.338978952119649
6590.0 6.337234252155225
6600.0 6.335489552190802
6610.0 6.3337448522263795
6620.0 6.332000152261957
6630.0 6.330255452297533
6640.0 6.32851075233311
6650.0 6.326194623726582
6660.0 6.329536594836799
6670.0 6.333114929583381
6680.0 6.336693264329963
6690.0 6.340271599076544
6700.0 6.343849933823126
6710.0 6.347428268569708
6720.0 6.351006603316289
6730.0 6.354584938062871
6740.0 6.358163272809452
6750.0 6.361741607556034
6760.0 6.3593199423026165
6770.0 6.353571004321924
6780.0 6.346822066341234
6790.0 6.340073128360542
6800.0 6.333324190379851
6810.0 6.32657525239916
6820.0 6.319826314418469
6830.0 6.2534392812311115
6840.0 6.189223676685859
6850.0 6.125008072140606
6860.0 6.058519740322626
6870.0 5.998031408504646
6880.0 5.9375430766866675
6890.0 5.877054744868687
6900.0 5.816566413050706
6910.0 5.756078081232728
6920.0 5.7060183209147475
6930.0 5.702529989136767
6940.0 5.699041657358788
6950.0 5.695553325580809
6960.0 5.686392266530101
6970.0 5.6864169782303815
6980.0 5.698969895058869
6990.0 5.711522811887354
7000.0 5.724075728715841
7010.0 5.778914359804327
7020.0 5.823324419392813
7030.0 5.8677344789812995
7040.0 5.912144538569786
7050.0 5.956554598158272
7060.0 6.010837385019485
7070.0 6.070792899153426
7080.0 6.130748413287367
7090.0 6.190703927421308
7100.0 6.250139961046157
7110.0 6.26782874194947
7120.0 6.28551752285278
7130.0 6.303206303756092
7140.0 6.320895084659403
7150.0 6.338583865562714
7160.0 6.35695836075174
7170.0 6.365460128668039
7180.0 6.373961896584336
7190.0 6.382463664500635
7200.0 6.397065818498016
7210.0 6.412187453004485
7220.0 6.427309087510954
7230.0 6.442430722017425
7240.0 6.457552356523896
7250.0 6.472673991030367
7260.0 6.487795625536836
7270.0 6.320149795463307
7280.0 6.156699508624134
7290.0 6.176016686364958
7300.0 6.195333864105783
7310.0 6.217469223664791
7320.0 6.239604583223798
7330.0 6.261739942782805
7340.0 6.283875302341812
7350.0 6.306010661900819
7360.0 6.326721021459828
7370.0 6.34674566673312
7380.0 6.3667703120064125
7390.0 6.386794957279706
7400.0 6.406819602553
7410.0 6.430177581159626
7420.0 6.4552173779480695
7430.0 6.473344131258253
7440.0 6.491470884568438
7450.0 6.509597637878622
7460.0 6.527724391188805
7470.0 6.545851144498988
7480.0 6.563977897809172
7490.0 6.582104651119356
7500.0 6.600231404429539
7510.0 6.618358157739722
7520.0 6.636484911049907
7530.0 6.653778331026757
7540.0 6.671071751003606
7550.0 6.688365170980458
7560.0 6.702944305337307
7570.0 6.7114230536130774
7580.0 6.719901801888847
7590.0 6.728380550164616
7600.0 6.736859298440384
7610.0 6.741171380049488
7620.0 6.74548346165859
7630.0 6.749795543267692
7640.0 6.754107624876795
7650.0 6.754848277845897
7660.0 6.758303216435
7670.0 6.7595956550241025
7680.0 6.762313093613204
7690.0 6.765030532202308
7700.0 6.76774797079141
7710.0 6.7704654093805114
7720.0 6.770960625747392
7730.0 6.773122508780941
7740.0 6.7731891537211535
7750.0 6.776827227301368
7760.0 6.780465300881582
7770.0 6.784103374461795
7780.0 6.787741448042008
7790.0 6.7806809383297235
7800.0 6.767002394721667
7810.0 6.755546073335833
7820.0 6.74408975195
7830.0 6.732633430564166
7840.0 6.721177109178333
7850.0 6.7097207877925005
7860.0 6.698264466406667
7870.0 6.686808145020834
7880.0 6.6653518236950005
7890.0 6.6459907404625
7900.0 6.6266296572300005
7910.0 6.6072685739975
7920.0 6.587907490765001
7930.0 6.5685464075325
7940.0 6.549185324300001
7950.0 6.5298242410675
7960.0 6.510463157835001
7970.0 6.487387788882501
7980.0 6.476458253203333
7990.0 6.467691217524167
8000.0 6.460590848511667
8010.0 6.4448904794991675
8020.0 6.425690110486667
8030.0 6.406489741474166
8040.0 6.387289372461668
8050.0 6.368089003449167
8060.0 6.339339762205087
8070.0 6.31430480668101
8080.0 6.289269851156929
8090.0 6.2642348956328515
8100.0 6.239199940108771
8110.0 6.214164984584693
8120.0 6.187463362393947
8130.0 6.160761740203201
8140.0 6.134060118012456
8150.0 6.10735849582171
8160.0 6.080656873630965
8170.0 6.053955251440219
8180.0 5.973166347042807
8190.0 5.903076025937895
8200.0 5.873422004584412
8210.0 5.906455265437595
8220.0 5.939488526290776
8230.0 5.972521787143959
8240.0 5.999697905157143
8250.0 6.0364228954019055
8260.0 6.073147885646667
8270.0 6.109872875891429
8280.0 6.146597866136191
8290.0 6.183322856380952
8300.0 6.2200478466257145
8310.0 6.256772836870477
8320.0 6.293497827115238
8330.0 6.317937103140001
8340.0 6.348233522004762
8350.0 6.378529940869525
8360.0 6.408826359734286
8370.0 6.439122778599048
8380.0 6.469419197463809
8390.0 6.499715616328572
8400.0 6.5407592879405865
8410.0 6.593231530981173
8420.0 6.658400606685092
8430.0 6.683990525429012
8440.0 6.709580444172931
8450.0 6.732943090189577
8460.0 6.754159902872891
8470.0 6.775376715556204
8480.0 6.796593528239518
8490.0 6.81781034092283
8500.0 6.8390271536061435
8510.0 6.850101109209457
8520.0 6.846175064912771
8530.0 6.843787482154545
8540.0 6.84139989939632
8550.0 6.839012316638096
8560.0 6.83662473387987
8570.0 6.834237151121644
8580.0 6.8318495683634195
8590.0 6.829461985605195
8600.0 6.821545079510128
8610.0 6.811485316209345
8620.0 6.801425552908563
8630.0 6.7913657896077835
8640.0 6.781306026307002
8650.0 6.6760151565736
8660.0 6.569172908622319
8670.0 6.464557933398311
8680.0 6.359942958174304
8690.0 6.255327982950296
8700.0 6.150713007726288
8710.0 6.046098032502279
8720.0 5.941483057278272
8730.0 5.836868082054264
8740.0 5.732253106830255
8750.0 5.6303652214650715
8760.0 5.621344717042311
8770.0 5.616178758074097
8780.0 5.62026091948483
8790.0 5.625682160329966
8800.0 5.634903401175102
8810.0 5.640488278383873
8820.0 5.6437202144161756
8830.0 5.6469521504484765
8840.0 5.650184086480778
8850.0 5.653416022513079
8860.0 5.65664795854538
8870.0 5.653379894577683
8880.0 5.654828497276651
8890.0 5.65627709997562
8900.0 5.657725702674588
8910.0 5.659174305373556
8920.0 5.660622908072524
8930.0 5.662071510771492
8940.0 5.66352011347046
8950.0 5.664968716169429
8960.0 5.664195096646175
8970.0 5.654173356743973
8980.0 5.637918283508439
8990.0 5.628163210272904
9000.0 5.618408137037369
9010.0 5.608653063801834
9020.0 5.599807081475391
9030.0 5.594597462785311
9040.0 5.5893878440952305
9050.0 5.58417822540515
9060.0 5.578968606715071
9070.0 5.57375898802499
9080.0 5.56277213435731
9090.0 5.5456415241641395
9100.0 5.534744247304303
9110.0 5.523846970444465
9120.0 5.512949693584629
9130.0 5.4916059880747925
9140.0 5.472484504787177
9150.0 5.4533630214995625
9160.0 5.434241538211948
9170.0 5.415120054924333
9180.0 5.395998571636718
9190.0 5.368277088349103
9200.0 5.341329182297261
9210.0 5.317797942912085
9220.0 5.294266703526909
9230.0 5.268917282323551
9240.0 5.242658770211103
9250.0 5.216400258098655
9260.0 5.190141745986206
9270.0 5.163883233873757
9280.0 5.108696150344643
9290.0 5.063955495465526
9300.0 5.019214840586412
9310.0 4.9744741857072965
9320.0 4.929107549890735
9330.0 4.8895181490517725
9340.0 4.849928748212811
9350.0 4.81033934737385
9360.0 4.770749946534887
9370.0 4.731160545695926
9380.0 4.7235711448569635
9390.0 4.719700791684668
9400.0 4.744759009929039
9410.0 4.769817228173411
9420.0 4.924208779751115
9430.0 5.047695983502733
9440.0 5.096855409476573
9450.0 5.018499683935262
9460.0 4.94014395839395
9470.0 4.8437882328526385
9480.0 4.8269325073113265
9490.0 4.784476781770016
9500.0 4.786551668342989
9510.0 4.793507507249297
9520.0 4.800463346155604
9530.0 4.823419185061913
9540.0 4.87197502396822
9550.0 4.895030862874528
9560.0 4.876372416180835
9570.0 4.831183357372856
9580.0 4.741327631898211
9590.0 4.676971906423567
9600.0 4.658616180948922
9610.0 4.684927122140944
9620.0 4.6906825079107435
9630.0 4.7072950364234
9640.0 4.677907564936056
9650.0 4.647745093448713
9660.0 4.616486969787457
9670.0 4.677473743840486
9680.0 4.746793851093516
9690.0 4.791447291679878
9700.0 4.850957875123384
9710.0 4.913801791900222
9720.0 5.001312375343728
9730.0 5.0322753397705675
9740.0 4.97660744157084
9750.0 4.920939543371112
9760.0 4.865271645171385
9770.0 4.809603746971658
9780.0 4.753935848771929
9790.0 4.654267950572202
9800.0 4.551266719039141
9810.0 4.4766654875060805
9820.0 4.4460642559730195
9830.0 4.415463024439958
9840.0 4.395695126306898
9850.0 4.4088748471905035
9860.0 4.39365456807411
9870.0 4.378434288957715
9880.0 4.364116866984178
9890.0 4.350574445010642
9900.0 4.3370320230371044
9910.0 4.323489601063567
9920.0 4.30994717909003
9930.0 4.293979127825875
9940.0 4.34801107656172
9950.0 4.41245621211295
9960.0 4.46606801426418
9970.0 4.51967981641541
9980.0 4.57329161856664
9990.0 4.537570087384536
10000.0 4.431848556202432
10010.0 4.367877025020329
10020.0 4.393238827171558
10030.0 4.418600629322787
10040.0 4.443962431474018
10050.0 4.4693242336252474
10060.0 4.4946860357764775
10070.0 4.520047838013421
10080.0 4.5832631201016465
10090.0 4.604728402189873
10100.0 4.6261936842781
10110.0 4.647658966366326
10120.0 4.669124248454551
10130.0 4.665609938457064
10140.0 4.637428961707194
10150.0 4.617943637131239
10160.0 4.507136573424847
10170.0 4.402329509718456
10180.0 4.297522446012065
10190.0 4.209245994762817
10200.0 4.202949135599283
10210.0 4.29145227643575
10220.0 4.385419053635853
10230.0 4.4331496403597646
10240.0 4.417880227083677
10250.0 4.440005422614844
10260.0 4.446225986626315
10270.0 4.452446550637786
10280.0 4.580667114649256
10290.0 4.75422101199406
10300.0 4.891611644196009
10310.0 4.8770022766312895
10320.0 4.663059575733236
10330.0 4.457116874835183
10340.0 4.31267417393713
10350.0 4.367564806372411
10360.0 4.42041462237912
10370.0 4.472761036862019
10380.0 4.434911799171006
10390.0 4.337062561479992
10400.0 4.267879990455645
10410.0 4.246697419431298
10420.0 4.604555664921238
10430.0 4.919354726839748
10440.0 5.2286901523946225
10450.0 5.224692244616162
10460.0 4.913694336837703
10470.0 4.580196429059244
10480.0 4.5139094053855455
10490.0 4.500581565197564
10500.0 4.487253725009579
10510.0 4.473925884821597
10520.0 4.460598044633613
10530.0 4.441815658991085
10540.0 4.390639952379725
10550.0 4.368086694996937
10560.0 4.345533437614148
10570.0 4.32298018023136
10580.0 4.300426922848571
10590.0 4.264759687998402
10600.0 4.238276126805376
10610.0 4.208731341126636
10620.0 4.179186555447894
10630.0 4.149641769769155
10640.0 4.113551529544959
10650.0 4.110015834775309
10660.0 4.098316874662804
10670.0 4.077434240893154
10680.0 4.0888016071235045
10690.0 4.108968973353855
10700.0 4.129136339584205
10710.0 4.149303705814555
10720.0 4.177634337387763
10730.0 4.2141282343038275
10740.0 4.250622131219893
10750.0 4.3181160281359565
10760.0 4.353359925052022
10770.0 4.388603821968086
10780.0 4.425684453455579
10790.0 4.4546018196002155
10800.0 4.483519185744852
10810.0 4.512436551889488
10820.0 4.535603918034124
10830.0 4.52777128417876
10840.0 4.52830599740911
10850.0 4.524927785591842
10860.0 4.519295028320029
10870.0 4.513662271048214
10880.0 4.5080295137764
10890.0 4.537646756504586
10900.0 4.5721976724899145
10910.0 4.5983812413895295
10920.0 4.624564810289144
10930.0 4.650748379188758
10940.0 4.676931948088372
10950.0 4.703115516987987
10960.0 4.726513371662601
10970.0 4.715477553080072
10980.0 4.704441734497545
10990.0 4.693405915915016
11000.0 4.6823700973324875
11010.0 4.671334278749959
11020.0 4.66029846016743
11030.0 4.654655498709902
11040.0 4.651798251477374
11050.0 4.649168590451742
11060.0 4.648615119902301
11070.0 4.64806164935286
11080.0 4.6475081788034185
11090.0 4.646954708253977
11100.0 4.575552031371202
11110.0 4.508968781414336
11120.0 4.448104899884264
11130.0 4.387241018354191
11140.0 4.326377136824116
11150.0 4.265513255294044
11160.0 4.204649373763971
11170.0 4.138785492233898
11180.0 4.156975182203825
11190.0 4.161514078507084
11200.0 4.166052974810345
11210.0 4.170591871113605
11220.0 4.135509592305956
11230.0 4.100427313498307
11240.0 4.045595034690658
11250.0 4.023135668898304
11260.0 4.030085194165949
11270.0 4.037034719433594
11280.0 4.04398424470124
11290.0 4.050933769968884
11300.0 4.05788329523653
11310.0 4.083332820504175
11320.0 4.12853234577182
11330.0 4.166603299594823
11340.0 4.204893095710928
11350.0 4.2431828918270345
11360.0 4.28147268794314
11370.0 4.319762484059245
11380.0 4.360452280175352
11390.0 4.382642076291457
11400.0 4.404831872407563
11410.0 4.417753893915133
11420.0 4.40330300240741
11430.0 4.388852110899685
11440.0 4.374401219391961
11450.0 4.359950327884237
11460.0 4.345499436376512
11470.0 4.3252485448687885
11480.0 4.3088476533860645
11490.0 4.2985181904908405
11500.0 4.288188727595616
11510.0 4.277859264700392
11520.0 4.267529801805168
11530.0 4.257200338909944
11540.0 4.24687087601472
11550.0 4.236541413119496
11560.0 4.222757404769726
11570.0 4.214773396419956
11580.0 4.206789388070187
11590.0 4.198805379720417
11600.0 4.190821371370649
11610.0 4.182837363020878
11620.0 4.174853354671109
11630.0 4.126333632008839
11640.0 4.07156390932157
11650.0 4.0167941866343
11660.0 3.9660244639470306
11670.0 3.9150921438571635
11680.0 3.86521696662444
11690.0 3.8153417893917156
11700.0 3.765466612158991
11710.0 3.7155914349262673
11720.0 3.6657162576935436
11730.0 3.6158410804608194
11740.0 3.5659659032280957
11750.0 3.5073634532680984
11760.0 3.444761003308101
11770.0 3.3821585533481047
11780.0 3.317591817675608
11790.0 3.2935607963156115
11800.0 3.269529774955614
11810.0 3.245498753595617
11820.0 3.221467732235621
11830.0 3.197436710875624
11840.0 3.173405689515627
11850.0 3.14477466815563
11860.0 3.1248709195229063
11870.0 3.104967170890182
11880.0 3.085063422257458
11890.0 3.0651596736247337
11900.0 3.04525592499201
11910.0 3.0253521763592857
11920.0 3.0054484277265616
11930.0 2.9958125361813375
11940.0 2.9963409303486133
11950.0 3.001469324515889
11960.0 3.0065977186831656
11970.0 3.0117261128504413
11980.0 3.0168545070177175
11990.0 3.021982901184993
12000.0 3.027111295352269
12010.0 3.020470458750314
12020.0 3.017446765005502
12030.0 2.9970490205438716
12040.0 2.9762912432041464
12050.0 2.9555334658644212
12060.0 2.951536802349696
12070.0 2.9747323713699703
12080.0 2.974267226165245
12090.0 2.96353422387302
12100.0 2.952801221580794
12110.0 2.9420682192885685
12120.0 2.931335216996343
12130.0 2.922602214704118
12140.0 2.915820261362941
12150.0 2.9090383080217648
12160.0 2.9022563546805884
12170.0 2.8954744013394116
12180.0 2.888692447998235
12190.0 2.881910494657059
12200.0 2.8751285413158825
12210.0 2.8683465879747057
12220.0 2.846064634633529
12230.0 2.8567160142256864
12240.0 2.891028108042843
